-28.839042676374135 -85.11507713207732
-23.101945891032955 171.98829670071206
-192.41099378619407 -111.4583315368193
90.16031929717377 152.97463258424568
177.61905480319933 59.627493810599105
132.28064035887598 -46.381267760259846
-135.22760055036574 -19.317988842049118
68.46740288796718 57.16527052418286
147.08522072892976 153.42300369381593
-94.6809362735996 103.35384979863733
-90.15348690187741 170.37079209206144
-72.6111922943383 -95.65757373092167
-49.100283252180645 122.8999075074156
99.26299039602156 -49.78008983952225
44.28004039075287 197.90897958801452
-192.16019989969448 39.74415458990657
157.3352578111124 -128.67179867995776
151.32379643996745 189.48440901753492
-50.51623279274668 -14.091444830729472
106.24953541017419 -119.80175988681778
159.1822917247842 157.2089207822919
83.50420057557358 166.4330124640088
-132.70890802867328 -117.42244520194988
117.5429415569181 135.84665889861992
-125.76341581152678 -56.319129745463925
51.78852850642866 168.31566830332906
90.66588051837596 -0.7174178376894247
-93.95206446546722 55.14747450247398
-26.513293370095482 127.45585757462646
-189.942222345072 98.97432915702234
2.9676380623924103 -103.6138436389797
-60.41517188774267 163.31418864617086
2.4980505943509 89.96072053423131
173.85907983019507 -25.960234534227055
-40.142259629315845 -144.10147303562042
133.11585765344438 -75.8046381892814
101.62109378544926 -25.683259753745745
189.81006296064623 -181.80425831254942
-181.4094698789441 84.43104682362429
-8.976021990745778 103.02466989341889
-153.22802426690487 -112.49464618679488
53.27775839502769 193.30376996447114
-107.79280972338148 123.383712871363
108.60649342211167 78.50765882728564
-186.02320310502031 66.70205728820974
131.3455771382125 -25.928723990108693
-3.149209500567622 121.62879436641879
110.64069163594456 -141.99972183655348
93.37250138660755 162.36915063615743
139.45239339277703 -6.120427508899752
134.8782441381298 66.03467288062444
-85.7635404251341 -93.41318374544389
-181.55145848749706 131.9324492669935
65.76901972636256 175.91958603675505
-162.98542377889294 -40.411223956693874
-166.88882397495388 -102.50263033631413
-126.00969383363756 -87.97805140012586
-129.92570645310406 8.21944086576525
16.995962122316854 25.31226699651907
186.20356928681957 -173.59395679298183
92.27340936433797 2.9922039355789707
172.28333677117058 -53.418838663305564
84.9074609761712 70.27047504977298
-40.85900177290122 -186.03543999625197
-126.20260056033739 -4.037992659957553
-120.35092703348953 -195.51474504500737
-127.61285097707767 70.17168963146838
-13.229738501893308 -59.879962476037605
-58.88443965913038 198.8347226522855
-176.38440770651079 122.35277106262515
-147.37016041319188 38.87761029053297
118.31294959564872 165.7826124166129
27.60709098926543 50.52446795705609
105.60035701616414 89.79385206202647
166.80190862640188 33.315670685893735
197.50391396268168 -81.58150539451312
-56.16165454902111 -154.6609772057237
-162.71748912690657 88.45302672718117
177.3620810547162 -68.74545129732633
137.9142638201477 -181.95366797440857
25.689424102123724 -70.29684885508325
93.49638613980306 118.85169435694041
-145.83128769268492 92.63172321468181
183.9620699964106 -85.54476769871964
-61.552648487478734 -63.32570329748535
-185.7892899741112 -81.40115122371915
199.14668186917754 -58.60616038976519
-40.77310933764599 -140.0609308912653
-66.21704984284204 1.8674641733384476
-183.7906618541671 -120.5734086179203
37.32519609952175 176.10810824201872
-20.335006463743753 181.78191631767464
-45.72131052296635 -56.635693229528215
-39.50320763331044 -20.359709033378607
-17.707693729754084 -97.78472601874371
-59.67781855981622 -148.97275019204713
24.4408568288153 -159.1454983722429
-91.88945750514179 -77.11285762674494
-44.62229861085004 74.43538525779405
179.88561260419533 -110.76033551052701
