134.61686907699868 -14.886801473228275
-55.36430312770025 149.35913475292938
-14.007042130910065 -78.79657952396335
-185.21224938666708 -91.52556896445172
-155.61479559995934 140.1514849867915
101.75520728747506 199.79209253839105
57.03023027812628 26.69928983781915
120.34043648154625 85.55294949849161
-25.764699779259757 56.15488844364427
92.74917178658404 154.91923373448753
107.66579016907002 132.9750118347461
-28.084161708258108 59.83716536570614
89.62057513649842 -96.24525716511272
87.40483330160606 168.80689024817565
125.87150351741008 -21.5198420075061
-176.0336791126435 49.066121988942285
60.6392280912184 116.90070232064522
157.93748831391713 -120.40936257246551
-22.990245188802305 -170.46712278126108
172.222058391007 -17.29902125866579
-33.289656171186664 88.84475227442783
-171.04708679403564 -112.36502801556915
-46.963130245983876 -191.37185731513094
149.31814013856285 -15.011233308864377
-98.6962179874825 111.02584492490524
61.26183464078292 7.486126086905813
118.84160643608459 -95.18287241063219
44.0592490639269 -24.973012012693516
125.78121163398032 199.71707687539998
118.30892007637505 20.27056048453528
89.05021360385342 161.88002957641476
186.6215777698473 -197.98931038817128
162.71999380721803 187.09510703628973
-64.51196406126667 55.749814299048296
-150.96246356268063 183.10581235019657
45.06453079123665 -4.876265547925357
177.93908586148837 -78.32196102075338
80.39641678060525 53.84463397096724
-76.22614816846993 52.70393312733219
-52.951168808890884 35.86986446968709
129.69987490210917 122.69792757819829
17.601805017680277 151.311590502336
68.87699084813818 9.461055376266927
-139.56047813160927 77.80666787049387
-134.36111456298892 -127.8006808417488
131.50344861368978 189.57586007372646
-73.72184909546276 50.159816167528504
82.9773987407861 117.55873874660267
-14.349233411929276 -55.88874835567293
-165.6534568310924 -80.42400910352954
87.9304627940628 104.42282285827275
98.92526309340428 136.446151339601
-3.4159488220168157 -20.07033293481365
88.46761832862109 -58.81506133522558
179.21486886445285 71.33889456322981
-17.994644992342273 34.86861116342524
-85.92378056331297 -75.26691884939711
39.231483669950734 20.109262523676108
-146.28126757022926 71.71108085002459
4.045005907626376 -146.4385493664075
-145.87582775801985 -5.642529817518721
-95.30570010651287 192.57545204909007
4.740548074304797 -92.69972382011944
-78.91682405274642 -154.17632445615234
92.08201888768679 181.46101559003307
90.10418421029362 19.105183344016694
88.82018345092058 -3.3239542634318866
133.18665159633213 168.4203602819323
-178.96095749089392 125.24435026754128
62.59017406101242 -185.00479665775896
-127.48968971672991 25.448232700549596
18.434227040681037 -154.27099869648893
89.87791970287537 2.642746120308942
164.8511793124747 -57.69192965628318
-78.27620998360318 -179.21280407344454
-80.69580075721095 -126.64830062829067
176.51494269452354 -99.56935146975457
90.05950628857306 -53.566891908986946
121.8211044371165 193.24047528826935
122.4087839587337 157.3548023576928
131.00711775479732 85.61008252656944
-40.83313758462501 -65.02207785196498
103.175562622921 95.49358984191275
50.28009656374803 -140.5602396259813
51.28326366730357 -19.413096800945794
-90.95000884297394 -109.04643250397083
155.12035821541116 144.60612694034222
65.05336622282363 194.4134646129737
-4.429857244574777 129.3687317940396
-189.982650307536 -181.96350438505422
128.363956156632 -181.20486673793445
-178.18239503352157 -80.31637982051771
-113.90325002353663 27.154275209577435
-58.4280836330274 74.08284361047686
-117.7979844468942 -125.2659913183027
120.68645387173206 -32.95131585700068
-64.86563065941831 30.864337975275504
-141.02591167821728 153.25420885577887
-31.48789458279873 -196.42136006592366
33.697546775994624 -99.90830576226281
21.509640845043293 -102.85351900073127
134.4635929767653 177.69549525596358
89.84786445347669 41.9169512107984
-111.86823100435008 -189.68720764981845
-51.229739152139246 -180.1563046746296
-12.01273155980661 -58.077125642249484
-193.55261667505195 154.52346156205692
11.34449373253915 112.7501374410042
-127.1409714452104 -44.41697247456881
182.0223680941657 136.76170446434645
43.37403161200277 -106.52935615763002
114.51937803403558 52.3853385314593
65.98700881068424 -26.287688462862036
-176.55010709793495 -52.69810343270365
-103.62407177474311 95.7659042222765
63.87388253233871 -107.94216750446198
-81.11387123171143 102.40467820546138
179.86355977995163 125.32201243915267
131.5311186417038 88.37469213733146
-121.04207091789938 40.444730305035876
39.68477753610591 168.09268723115304
19.609251204405894 29.304661033061166
170.76379078187733 -82.09277104373203
-7.889833633241494 77.85960549059007
183.58651865400742 -177.68212049692625
-134.11142619554067 -103.52279632727432
-71.53711681782588 -184.99053891307477
-20.684077691120223 -195.13848013975328
70.9838475547275 163.30261469273506
-170.80290990734213 19.87104695450509
-18.60800167581087 -73.0025642705118
-165.0252836322258 -148.30446818770625
125.59016163334519 69.70017451405522
91.82852926766395 -131.87851285335785
-29.66201865497689 -90.10404072373137
129.62186931527293 -157.79516632722522
-3.334890466696237 -178.8557620580334
113.70425640500213 110.87803564358637
-142.1804668668346 75.74467579239513
-56.676580519540664 64.54435846081606
149.35952821053047 108.2938611531597
-53.857043154188545 -0.8214828518027559
102.44004163727988 -104.32926206460711
-84.10144698668103 110.40383751329591
-85.51315404704023 -55.55516063260711
15.008332097407674 96.18111364620438
-11.104635169098572 170.1858838490786
90.13972919736159 -26.082839104144938
-10.044565295637483 -187.678755197341
-167.47875490342273 46.743079940963014
-27.19955302386171 176.15175541002804
-60.70285396681939 162.1354921764796
-106.38393658655257 -41.47250126396381
35.59389215097178 107.35159902255799
-29.99894575371235 -171.11052341872767
10.911742101423727 5.643185532406704
177.5450884240389 144.53214588224336
11.70619458136133 84.67477614989184
68.56119228644724 146.78588110620183
-149.53259367106253 27.580048781471874
85.47095544362338 59.84447991644305
141.01519441443287 -144.01681461286003
-86.64198104734737 66.60066554799988
122.05637120538142 87.45731413772137
5.6577575434038465 160.134459387466
0.10663440834400717 -71.62674932902488
-34.30449319540378 -192.51838088424148
-154.81612415149684 0.9655685501390678
-125.00663211857925 114.3845296483434
148.9044803736802 79.86045840998116
-170.10367007574686 -121.94232542751297
-196.92776061271405 -189.65211008596344
-30.024942859352734 -123.77932798694613
131.992264008596 -100.3810737960145
-162.1683395713004 -94.45182875174049
-86.16158673771785 -134.29974886822868
117.24430201226681 -108.94146170295902
-195.71396061702166 -148.29470988266894
-124.31817234833188 -11.156178835639054
193.050801938463 42.85971330057657
185.2872612648136 -131.18909876281313
-191.78448820951823 197.19310904187114
-127.64245245896726 116.51796433391411
-123.86093833285435 46.3773417089603
140.90031094609452 100.96703643842642
52.240238272165186 110.80434736939088
-109.51862184247783 65.08560432138358
-111.97172211017516 3.2600143862522373
-183.83838581002556 -168.49670300012548
-148.35021799891672 85.56814374173729
5.966084541005273 22.939906586292267
-178.54321478460284 -30.7574182167142
-15.796270493014447 -37.43869866273363
20.301038784148233 123.03758219705094
-12.583095402882236 139.66432951782917
159.8817864966653 26.905175989511974
179.44772426663843 -134.63020889970255
22.474079449587066 19.448319161427946
-111.04017218397485 -175.0924969478035
-156.335164170452 -17.509595054075078
