-48.38338140363256 -84.08241635591372
-35.91006030731964 73.59984891816788
57.71517289010262 1.9262965477350917
47.81030072045408 -28.248503518853354
1.024520825468528 -93.6827262039331
-37.31227831919455 -14.868227542675456
-43.32402732486036 -51.32926629231367
63.238407371804726 -94.80385649564049
-13.75889387754738 24.106058489099013
-41.86769819076643 13.85818865555619
-62.87973756772085 80.06375535092155
4.286750841127088 34.904511338013975
33.86576786899735 26.56213910499102
-30.699276164569625 -60.09702505137289
78.08947117050167 33.21576765082736
53.751686251830165 80.49725272742768
50.758142421427635 18.024664995763715
36.541905088719886 -13.782169842264352
48.56795388414636 15.642056317663062
85.29775255509253 74.1770331283046
61.13418322171023 73.53289712822354
-51.49939262278369 -24.915542064222777
45.709557429838924 30.487877966531045
-47.184419916588574 11.831320762764136
82.78651426906808 44.61225369616554
23.176293610745333 -40.90968640805428
-7.9146236104778325 9.778233590350354
66.61933874928846 -46.93911453738462
54.881311864524776 -30.4367128172606
-48.669438712870594 -6.891047200868755
-7.730008662362508 80.13734128783932
23.353642827796023 -45.12962811280914
23.595440556643112 11.670518337672277
8.402582930556534 -27.249303469132343
50.654985646564114 45.36191705920996
93.60860893669701 -50.793066876304025
54.774368751392444 81.86594351867421
62.91866643233854 -7.22060038076296
64.47918065348597 57.96792931099051
-96.26833662987326 1.5719350462098873
21.363817807983594 77.83449110838797
34.12217181112817 32.83880105633904
61.96875799899507 -11.860043346143414
-92.64461036250817 59.57120175726766
-6.193823831216406 -63.338822805195825
37.554016763208296 -63.80228233912582
39.13961295157813 46.32436564088417
-62.79193491832316 -22.533991570337577
-79.7844116573925 5.430389087514229
54.352822173722444 -41.503637050967846
-67.25634633239667 -47.08296913051455
75.31606114825922 6.489066157034884
1.0501828483401283 -14.245084143549462
-74.1758611738235 76.2080586641917
24.570070887516835 -69.78108374964887
-78.91106356847335 -13.045032388116653
21.13852113973222 83.57543894175484
-33.383929486232944 -60.718549528413575
-23.297459999171082 -37.00009262162527
73.46468697411598 -77.47977164979551
55.05997971726143 25.34011934066045
-19.819420140429727 53.070507222783675
-86.29452334478071 94.60913554798586
53.6343445269147 69.08765557191538
20.182401984475277 -53.12733238808276
37.29003018519481 47.588578515888685
26.698265154868366 45.79815468962886
58.60447037034277 -7.070128216682065
51.31248082053531 -46.42175952499856
-30.746099719765184 16.535700066012964
66.83542397126138 34.96419025358682
-83.25927595348467 -84.79281156679237
-8.407105111590624 -93.89110489796037
-8.394347531694876 -19.889078450863423
-1.767468151998358 -28.32165750899442
-85.27252780309651 23.887198378329728
31.74652610596405 -1.1533733301748157
95.60922601429567 65.6783828564239
87.36896484966451 10.514196657618726
-13.72073113815074 -33.53029813361428
42.92642618206756 60.86596435612174
-22.068958412400093 74.14678905318627
54.599038889082664 -67.56159490327317
55.67582776089591 -13.323107800813176
90.40461858990955 -25.049114314524388
88.0967262871907 -21.742720485145426
93.96766658170273 -3.438025662946913
-90.53167519253698 77.320177731152
-50.74017309760161 33.12076602979599
-10.569962244645907 -19.620162929831068
-7.215622772241858 19.389501576280523
-30.638188433924213 -85.71465865658423
83.35952540184343 60.76489707530709
-14.490536572502407 85.47081085517837
-47.510218578251816 -26.184652214524732
-33.37536557262537 68.22646876733432
-24.051525704455813 96.1980325489663
97.01789139117287 -55.395215730035005
31.694536126540413 4.630596361740032
79.11677879424371 19.07223336907103
28.898257429391947 6.479551029538584
-57.25915197675442 -87.06326242793388
-19.320673309413976 -99.99054824864754
-44.29769910943073 6.036034639293447
80.45107255802196 -6.600799916193893
-54.674567497477014 52.87537937015995
-68.31868383833186 80.51486129012122
64.93584398128456 26.953129517555155
17.027459960588473 40.03983273726965
26.775222957132 96.7426668777064
77.08643266087302 -24.04679603931568
-58.819257827903826 93.97412896499785
-63.345972170375035 16.869095030244694
-22.235979059918165 9.674046361778494
89.22654772449329 48.31175355865432
-30.541707840190725 -37.971443968206685
-77.88569992013923 -6.01893019595164
72.7215746500465 0.0926457180999023
77.41309857709282 94.3829496231144
-96.89236959563993 3.705741493547137
85.97228935848358 26.875770895911117
-49.455838774044004 -9.224340450415397
95.43371351539372 -31.70785941242204
-43.47045136468524 -99.85254996792845
-15.545922902316818 -6.743289091621122
-87.57712974596146 1.587806903502866
-71.39454837222117 -19.005566862395213
7.665648004359625 -55.25968578051066
47.91905900590939 49.80058953700356
-90.85900932177573 -10.719816553244016
96.8199016225987 -65.7541826110409
-74.10795187682781 93.02628330809173
9.782682379050627 6.575163738674732
-76.53077246750243 93.3282501123191
44.039301346268104 3.3939909174225846
43.60471230504368 93.1555710554793
44.986509805823005 -30.962718395889468
-61.03727009339026 -45.99256290996594
33.470228976715106 27.12356993122262
72.35993226468418 -11.29715400098759
63.07215134745681 -49.28233952671977
67.56851092532804 -90.16685027603168
-45.371644136548596 72.89430652914604
14.518520667876217 86.26509653098091
85.02694531883142 -15.757267298854828
90.39339334464194 -64.32486049577557
34.65285065601785 -5.893071235805266
50.5414341011803 34.809597639396
-74.26081527129121 57.09110624381216
33.68553287497912 -12.443860312678396
-81.38725979472522 -11.616964639513895
-53.28210928308803 71.30404639811104
87.44335045719464 11.856127615722144
15.743870650642734 62.66588382017164
-32.94144120014788 38.283819709346346
4.225097674549133 -89.51280846984928
80.35562413191286 -19.553037352567685
-68.40587004046327 12.311735440217262
-49.078336704083746 52.37217610489361
15.364479097895895 70.9642648366314
-50.7635262887393 -74.3949086710543
82.16655212742549 94.3545848314732
23.821996886794693 63.12013825141315
-75.26512536985672 -45.58369954138772
-25.129478614010935 -71.07329440764163
6.884224557377408 -3.144990863220201
70.87759993838247 -81.65850086024156
40.49786634397984 -11.636575267167999
90.54805961582136 -88.75401000154804
73.5347594158608 57.09603545667872
67.42162429568535 -84.74493169453797
56.718776839874664 -76.0478430288108
-1.5557519066035042 70.10378242449283
-38.05687579293373 -5.574479470580158
21.26775680437285 -54.023554754756645
-43.707234450286634 -97.03708245890539
41.4644095322607 18.473684861508815
-75.3539930641106 -82.6645341615858
-25.051770991171864 -64.43834412713662
-76.89989565033764 -13.293935065028677
-46.32320138847319 -99.8975283462741
86.11624555865325 -83.55356954296087
-84.70709595199955 -4.07570369353482
-29.27888497562749 -52.322002617718425
-37.81336871031515 66.18720220029513
84.970775593723 -88.15075460920939
44.90236149527064 -50.78689747869394
1.481885703425064 90.95996858330636
38.18952787602464 -67.06417893152137
53.84595206113252 8.67241336597948
-18.520861609147516 -40.322395397058045
-69.82746369386197 6.323918076902714
70.10806414854562 95.09338045503583
-45.80202682760665 -34.89719746472795
9.350417086950529 86.40589624356889
-23.473879599937476 59.93974926636315
-33.385512925192046 21.729902932390786
93.8278373731527 -81.56361066354077
17.8292226428441 -65.69621519953091
-34.27564647224004 6.661492168501653
19.940036364924495 -8.874939238668205
-57.746587469986444 59.505342013660254
-77.38681191678407 53.5720635033272
-40.271169828321774 -87.39543208479694
17.451146063431096 -89.16656736614136
-26.34971323602106 -2.8623616172665862
91.52920943894097 70.92916317515696
26.666179599175564 -26.811027014540457
-3.649256278910144 -18.786785683046475
-81.52686951760603 -11.895476121049796
-69.45124785229733 59.984523442484715
66.50190709814663 99.02633182717895
-31.80011276158963 58.190580853936865
-70.60525776685292 -24.51125193684547
66.22278222022956 -12.668628037232182
5.320864807097706 -9.145358004899947
21.657040522850608 99.20463811820949
-36.933965729927195 70.3559778240766
-8.030417275733527 -95.53915215247024
-75.58496375485299 -64.0573281475433
0.3699888688194477 -58.89338926675778
67.61332304776403 38.37320244079373
79.35132866049207 -82.42220020636755
-74.94401679525507 76.38183789173905
-65.43293022209147 9.886248215625557
10.060624260082761 65.7311032342613
70.88847120803396 -53.907807066654456
80.80943860285913 49.182212068496995
22.615839255930666 -9.579133533758082
-76.75913242139889 73.32027732171497
-45.889811691680784 -18.312185199682872
-77.3263330805566 -46.11799467954618
53.574390620389465 57.412379487411414
14.942737234478344 38.82505068446849
68.36428700463674 95.0573349516369
46.3825811911004 -60.99691588368301
-36.30406721560328 -17.016548775216876
-67.13314362317388 -54.65166282454354
-81.23907969453754 90.87157713830928
-0.44669383799111984 -90.28640199377938
-92.71836562927676 -21.20903312866676
14.41604965364256 -43.38293599749052
64.98807411979223 -91.54269141616997
-83.13385432927205 52.54281904014729
-1.4944869257287934 72.13481594340581
82.68439770818514 -52.65177800238317
-61.3402009572539 -39.83796384745399
99.6525934576951 64.38902506344786
-82.20253867490435 38.58964729927021
20.090061900862892 -12.97659066471428
41.55524327151463 -32.47108578229654
9.10340569009054 52.23893703483046
-90.15134808499592 -37.45161333729625
91.06381335131047 65.91983832307184
-37.227985412098576 43.82860999959291
82.76579208503631 -81.20046991870824
-96.53269142782818 -55.18920143804591
-94.32255175930513 16.91667753081299
-56.02441144813062 94.29176878417553
-10.8576048101082 -68.62395184066455
-53.94973911965486 -71.39153489352972
2.3816023029452396 -89.26765686620377
-48.26501456149948 96.47908349354927
-95.0839107711578 -45.42214717925421
-69.65751718195135 94.96904520485484
-95.16760252397394 -27.41593441709699
41.65072672847367 -22.875898313602463
53.4098265676285 -11.051938480198828
-18.388417855300716 -60.14575971065843
76.51442300596426 71.09514214222247
33.937024814092496 14.216729859012943
63.373688722955194 -46.936536060213776
-36.95841635561457 33.8955669840777
83.36597433849664 -13.335233082778402
24.4441210122243 96.33803695247991
4.8949524549657895 48.2135060907342
6.464287465188548 -10.761999685125986
-38.79688721744723 -13.623930150868361
-8.910937854491436 91.85990493619946
16.355244256382235 -45.612427260941544
10.33240758488121 -85.77545239310511
-62.086380072867996 58.06935985133077
-38.21991100212991 58.430029528652426
-36.733100859545466 91.66927815445075
7.239654442902335 65.46501977993492
-17.82112861963843 -76.15855969141506
-77.59674768069316 -53.37709147256706
-45.99147294878787 5.926856276597064
65.07523438218419 -45.26388303985893
82.0756452421407 -8.915090510367207
-79.45934249788243 96.78468409441021
61.02300463767497 -62.694063139505694
55.37729281613065 -39.12101374295644
-68.01320936380691 4.070325214706671
95.66380814175838 78.60431317669403
-30.868378607308685 67.52388486239659
95.81106415271165 -37.61599075298201
10.387929909423562 94.55861724861393
21.825641970722614 -87.2027670765747
-25.78488680500419 -85.27869723992497
33.206158302089534 -10.53240518558978
-8.017559479301383 81.88923183651175
-55.78761306758433 -80.38725687059514
0.1465484310450904 96.76866367070971
-77.3965348514204 80.04963885296695
-23.939323431493165 -37.70763875217313
41.31809179021786 68.43927720757881
-89.61903118325532 10.458005204070957
30.95560848838315 -12.860003523485062
10.235445151039471 -60.50670206225097
36.60089248968845 -74.15072711548167
4.137310693816815 -99.26128111768841
-52.106163751732296 51.504644184429196
-43.24648430746012 -38.53655871674873
-47.82929365207704 21.96552057398469
73.56216404254573 63.0270632224759
62.8783247299107 -20.957079715803502
-2.1129491964192226 -61.625004940963194
-30.5384718977525 46.21581662781972
-21.76523204599883 -99.22415900745484
40.017014666585226 -89.20746449472354
0.7397021344683736 -22.482776247347076
-3.166215486204578 -37.72739405088341
98.35980368546004 -77.09056052664604
10.03367128763017 -13.629529972488513
-19.487735707841637 75.55108057662716
86.47428360542321 23.033899817714044
15.11094226333627 -22.948425502451755
-88.45225111052943 26.923712125595372
-66.57228624136215 42.67415871222295
7.420400834148722 -79.31695780104155
5.933197423992624 -48.93001481306754
7.251342376459988 -52.3445574520935
-15.437170310115846 8.5737599878195
-14.484817863285542 13.98889209682379
91.2775591605035 75.00996885527294
23.614384996538476 -5.226018738420308
93.50473163360533 -79.06946664392063
-84.77943903789256 24.243954498100237
-19.013911822609032 21.16483194510532
-77.38428952169664 60.92923339136169
26.55399577157924 -72.38870416499299
-61.496724368221756 53.657557843085414
-1.8811401537646333 -5.403902916937682
64.15875104916881 7.459305631825131
30.0293130607823 1.2351449698074362
-52.20945646325077 34.68404837734877
-36.47812146156107 85.61325140714487
73.9237207944673 -75.11046205862033
51.6352320696509 -17.107894953030865
-55.87021647276558 -96.17089798825631
2.6004642233368997 -61.62324730784346
-99.66642888813999 94.12947765444659
-48.70954153218723 -76.97558670676759
-26.587551714912294 -13.376632850779146
87.93450291336177 -33.59868543756622
-78.47203142042147 78.52019310404941
-64.92425584230918 -66.77994973561223
42.55313271465073 55.04612157989109
-16.877501459570084 -11.047343933220361
85.98564506580115 30.058899741072196
-77.35417319386886 85.56820225619245
37.905734050642224 -60.667959681418424
45.454913653588676 -47.59711967332074
-94.7348426558974 50.42806665202335
83.56043570334731 41.71845014000613
-16.105433472455516 -3.946232429789859
91.37120759124574 89.71538703735132
22.21216189433804 51.09956034539107
-15.60035220667379 41.42344662252995
-69.21311606810238 -59.336840210629774
-49.57742934168898 -73.35394431318723
-82.32605404092581 -75.99156177363346
-46.098965749422646 -77.15414775270577
85.99971486663586 -33.57027373397206
-16.06376009395254 -67.47485968989
3.093988972804766 3.109747100152788
-76.77244258883982 -61.98496820730528
-38.60830255215413 -23.332655775322507
-87.36777548436197 -44.44687689139937
81.28161005909999 -52.9175218747495
61.06625745917228 42.01251101411188
-93.95833867360031 13.346186142570858
89.24700016657141 43.73215281981493
-12.9781365200014 74.17162025633442
65.28963361360618 97.92545464695638
-30.828344909513206 33.582974986903
-59.89649264081767 15.239447116218386
35.25849466119428 -60.28058196638004
50.22233869674676 -81.59321388591702
97.98946125895586 -60.380626625719216
32.8208642684053 73.30386162444083
83.82212080987952 76.46432664508339
1.9054252334691881 -45.85079778739116
71.35310583261568 39.45853656869451
-70.72285114711136 -31.668193280958448
13.548862175283773 -11.091862668463733
-31.09566367999956 -12.611653024866996
-13.746996987719129 -0.029926361391289902
-46.95430406901164 -93.56292402734235
46.05131448334191 11.262409458624774
3.6185274146109663 94.56755558178173
-73.70288218411136 -73.06089466403259
98.65344249952176 2.9380779943957407
12.758509248613365 72.75540267838164
-51.60326584836375 -63.38651532476269
71.89979338933944 -99.37819308218894
-10.872756793310415 43.05701337996575
86.40995895765758 -40.71602903377367
31.44585593259515 18.497179359070557
-13.6774738693763 52.09690847848884
-33.34659293692772 21.073407192850937
24.403705207159334 -68.77656175565235
-94.96236159669127 51.67915666406262
23.925318547152415 68.85758068594942
72.54748934111333 -68.2401235714623
-23.954145415832343 -16.934448416836872
10.607812702495337 35.107450646512774
-29.99571154766292 16.756841762471936
-73.86272000333021 53.325381804933386
-65.17910737029683 -83.27404515197405
25.017068324223274 46.4827042480801
-94.48518939069683 -67.54968876827462
38.14347588189975 18.780120851536708
-93.33668660822254 -76.75634277542905
85.38448362217841 -58.657352438883834
-18.23120018131212 20.31729209663544
-95.22343418314027 -0.3256248118923537
-72.41078715324048 -30.256747750737105
17.00034912812771 -52.26606863287407
-24.446665388568547 98.18810234816956
-57.35496940916476 50.19714303865999
-56.32507171172199 20.861259330956642
-90.82975023750639 38.126815041383594
74.57396085145322 -40.2887910287653
-13.355998068553205 14.432152514939474
44.243069467887494 7.733050099483549
-22.912623017755877 34.477358675644666
88.77797731585588 94.97239265235345
11.78942679525268 -71.38417035163394
-68.2473754674804 -14.40606963931765
65.12068409488171 -36.785754706460196
75.00287442333175 22.137435699396505
53.25794936443472 90.44175926758507
35.911347850950165 -57.75508786000074
-63.888619683586526 47.72924300873785
66.51243949122065 -94.26922792534491
36.0777739907287 -39.120324127225146
-49.10477048320578 -42.115274416808866
-4.497107274889615 -6.980160303026878
72.14682487483014 79.89826285371683
85.73419262733083 40.397052812904235
-40.81761873422207 81.638689242597
-98.6222746228879 -2.749446699912866
4.209164368541323 71.89767163880413
-78.32734494097105 -0.8499959048886296
-38.13624409896272 58.69878819249118
13.34239791289859 96.43946162243927
69.01769050701688 89.45263285103505
22.133559608908044 -29.43252855877418
51.85080976166904 -71.59098907493242
-72.08654940153724 -21.377857064601272
30.841677155762824 0.7130508163636335
20.973326931413894 -50.055237120582284
51.085146252227645 71.0156157170386
-93.32637422101273 -85.0299400910732
-80.23113810654903 88.5212234369975
34.722225462746934 31.84297846959339
-0.13724526110937063 -80.65813542121774
54.94952535426833 -43.86792919028879
16.242646780146018 -54.95307769498532
-26.937276355662476 -5.215214119733275
23.877811357216743 -31.64034754451673
-93.20372050976773 -17.543455842174055
-72.28526815248946 32.9833536044228
-97.97430556766591 -94.19732437429928
3.04499462790109 72.19637859238395
-50.81741687521455 36.95371726918253
-90.37876037670416 49.62330423907321
-32.9311834604557 -83.471226974053
-59.659904651863506 -76.12979351322744
-66.59815549904337 -37.02483873808886
86.09811744022795 29.35201251633336
19.0271895762736 -49.74234429712787
-27.186748591327444 36.96956938554109
-66.44388452952518 -65.29020786805341
-13.16773813253485 19.087857831373498
46.34319562324478 -20.041294305245486
-82.20174374289748 -35.643375175386424
17.844083409956866 -20.329528428758238
-24.28714802019978 10.444161832991554
3.8944119478966144 -68.18953978707138
62.35904238293196 29.06890112581715
75.09636646480661 -87.0509805221402
23.319569303312605 -3.9629398544755787
92.17143854111254 -32.73468045155437
-87.84979628296503 -8.784303904639842
61.5520184042187 -66.34685154333033
68.33732523718646 44.7658563025164
-6.205158475635628 95.66765195900774
