0.00 80.03 93.55 114.34 212.41 176.36 83.28 15.38 188.79 143.92
80.03 0.00 17.43 116.66 164.53 102.75 11.43 72.50 127.64 66.55
93.55 17.43 0.00 132.64 170.36 99.26 25.22 84.13 129.92 61.23
114.34 116.66 132.64 0.00 122.56 143.05 107.43 124.21 124.60 134.16
212.41 164.53 170.36 122.56 0.00 96.39 153.44 215.55 49.50 123.18
176.36 102.75 99.26 143.05 96.39 0.00 95.27 172.50 46.89 38.33
83.28 11.43 25.22 107.43 153.44 95.27 0.00 77.63 117.54 60.79
15.38 72.50 84.13 124.21 215.55 172.50 77.63 0.00 188.69 138.30
188.79 127.64 129.92 124.60 49.50 46.89 117.54 188.69 0.00 76.31
143.92 66.55 61.23 134.16 123.18 38.33 60.79 138.30 76.31 0.00
