62.7637440203485 -131.32976516729673
86.36711484628802 16.402587380378947
-157.57226353344612 -39.337013857835984
101.66765558693879 -81.8767667018213
125.56962968007997 24.811952014716525
-82.58609462276918 -97.34885596771474
144.18818206355837 -124.01525738747021
54.68072725968426 43.77026183002232
-97.36248019074733 -111.49280889239925
-97.93010102480322 36.09494066662555
-17.062576403702508 140.17162539498804
91.28624203691959 22.50395197101716
-53.954380842437075 99.1761475495436
-175.42636634520773 163.28191162362037
-119.52741900676362 -63.10801916724441
127.15015943625565 25.311660412521235
-44.61047072601286 33.87551800995246
-172.776581493298 115.64077519644968
146.33619615587315 1.1327705442636784
12.306232175517579 -83.39854799642019
