50.120893345742445 -48.84064192190143
77.40027929412457 94.67921278677966
52.04106896670345 74.49807524666511
99.05648605912361 28.53686550823508
-52.085399639662675 92.95664054017087
-14.594582776893674 -35.59910579095474
39.83863374998165 -46.9674308553381
-91.92360642219184 -47.64428357066053
-50.2286937620555 -51.72841458034567
-80.62132546695655 -58.53896551991653
76.15373104710127 38.28131283733836
80.7416713667472 -92.68446552654095
-94.40037118081517 31.805091214375068
-60.11487654087237 33.08546236127535
61.3669438146967 -77.24350497878945
22.28956631227777 15.90555729110217
45.912688030289644 43.44708462126482
-6.412958769414303 -20.77508598703679
81.70907108585413 -82.27477483898636
99.83761013275952 18.97697622134926
-32.15029409650856 -85.63649024879149
49.363879463616456 60.74781193962832
-31.550581987752423 4.518766869917414
51.15882060830904 28.91722944920147
7.966799034780877 -39.60754920412206
-24.10754426889035 -77.30913760480374
-50.55114335456488 92.80205931951434
-43.57652816624149 -89.51870829344091
-42.049904158188276 31.170830927685557
71.15650201637808 40.06689306815426
-77.65809090581757 -24.10412564165587
85.28198568068433 6.119533558188522
-94.2437960128083 -70.6339356285039
38.59174108961693 -63.882845169092995
-22.716466185404173 -5.273578455035292
62.21302286081442 -87.96609932363806
13.487708470202747 -32.49230640673839
35.59917459345567 -55.18595134477593
92.17589696337427 93.81029878471253
75.44055303859949 -93.76365659512442
-1.6768945215329438 -53.37406535744626
-77.41595441751849 88.93151428319044
-32.66006823552776 -22.786822625101948
17.057746480782725 3.5978584044602684
8.72629255234314 18.029360558943637
52.93752678917568 73.34926391540682
89.86189946742999 -30.606494260357934
88.8327855099669 34.40368677655189
11.628278306430587 15.293079597827884
23.638787592995754 76.98227200144999
